data/slope_demo.txt
ncols         107
nrows         127
xllcorner     312847.69
yllcorner     8621436.99
cellsize      10
NODATA_value  -9999
[rows 0 to 30 of 127, columns 0 to 69 of 107]
-9999 -9999 -9999 -9999 -9999 -9999 -9999 -9999 -9999 -9999 -9999 -9999 -9999 -9999 -9999 -9999 -9999 -9999 -9999 -9999 -9999 -9999 -9999 -9999 -9999 -9999 -9999 -9999 -9999 -9999 -9999 -9999 -9999 -9999 -9999 -9999 -9999 -9999 -9999 -9999 -9999 -9999 -9999 -9999 -9999 -9999 -9999 -9999 -9999 -9999 -9999 -9999 -9999 -9999 -9999 -9999 -9999 -9999 -9999 -9999 -9999 -9999 -9999 -9999 -9999 -9999 -9999 -9999 -9999 -9999
-9999 -9999 -9999 -9999 -9999 -9999 -9999 -9999 -9999 -9999 -9999 -9999 -9999 -9999 -9999 -9999 -9999 -9999 -9999 -9999 -9999 -9999 -9999 -9999 -9999 -9999 -9999 -9999 -9999 -9999 0.7667122 1.161566 -9999 -9999 -9999 -9999 -9999 -9999 -9999 -9999 -9999 -9999 -9999 -9999 -9999 -9999 -9999 -9999 -9999 -9999 -9999 -9999 -9999 -9999 -9999 -9999 -9999 -9999 -9999 -9999 -9999 -9999 -9999 -9999 -9999 -9999 -9999 -9999 -9999 -9999
-9999 -9999 -9999 -9999 -9999 -9999 -9999 -9999 -9999 -9999 -9999 -9999 -9999 -9999 -9999 -9999 -9999 -9999 -9999 -9999 -9999 -9999 -9999 -9999 -9999 -9999 -9999 -9999 -9999 -9999 2.453003 3.314918 1.740542 -9999 -9999 -9999 -9999 -9999 -9999 -9999 -9999 -9999 -9999 -9999 -9999 -9999 -9999 -9999 -9999 -9999 -9999 -9999 -9999 -9999 -9999 -9999 -9999 -9999 -9999 -9999 -9999 -9999 -9999 -9999 -9999 -9999 -9999 -9999 -9999 -9999
-9999 -9999 -9999 -9999 -9999 -9999 -9999 -9999 -9999 -9999 -9999 -9999 -9999 -9999 -9999 -9999 -9999 -9999 -9999 -9999 -9999 -9999 -9999 -9999 -9999 -9999 -9999 -9999 -9999 4.145037 5.292044 6.966432 7.263825 -9999 -9999 -9999 -9999 -9999 -9999 -9999 -9999 -9999 -9999 -9999 -9999 -9999 -9999 -9999 -9999 -9999 -9999 -9999 -9999 -9999 -9999 -9999 -9999 -9999 -9999 -9999 -9999 -9999 -9999 -9999 -9999 -9999 -9999 -9999 -9999 -9999
-9999 -9999 -9999 -9999 -9999 -9999 -9999 -9999 -9999 -9999 -9999 -9999 -9999 -9999 -9999 -9999 -9999 -9999 -9999 -9999 -9999 -9999 -9999 -9999 -9999 -9999 -9999 -9999 -9999 19.149 9.911351 11.64878 15.8272 11.80089 -9999 -9999 -9999 -9999 -9999 -9999 -9999 -9999 -9999 -9999 -9999 -9999 -9999 -9999 -9999 -9999 -9999 -9999 -9999 -9999 -9999 -9999 -9999 -9999 -9999 -9999 -9999 -9999 -9999 -9999 -9999 -9999 -9999 -9999 -9999 -9999
-9999 -9999 -9999 -9999 -9999 -9999 -9999 -9999 -9999 -9999 -9999 -9999 -9999 -9999 -9999 -9999 -9999 -9999 -9999 -9999 -9999 -9999 -9999 -9999 -9999 -9999 -9999 17.00566 26.55965 29.96522 19.06889 11.29775 17.33748 15.80565 -9999 -9999 -9999 -9999 -9999 -9999 -9999 -9999 -9999 -9999 -9999 -9999 -9999 -9999 -9999 -9999 -9999 -9999 -9999 -9999 -9999 -9999 -9999 -9999 -9999 -9999 -9999 -9999 -9999 -9999 -9999 -9999 -9999 -9999 -9999 -9999
-9999 -9999 -9999 -9999 -9999 -9999 -9999 -9999 -9999 -9999 -9999 -9999 -9999 -9999 -9999 -9999 -9999 -9999 -9999 -9999 -9999 -9999 -9999 -9999 -9999 -9999 24.34767 31.37797 29.34282 27.56681 24.07868 5.931071 17.41161 9.422894 3.975723 4.864143 11.22393 9.604813 -9999 -9999 -9999 -9999 -9999 -9999 -9999 -9999 -9999 -9999 -9999 -9999 -9999 -9999 -9999 -9999 -9999 -9999 -9999 -9999 -9999 -9999 -9999 -9999 -9999 -9999 -9999 -9999 -9999 -9999 -9999 -9999
-9999 -9999 -9999 -9999 -9999 -9999 -9999 -9999 -9999 -9999 -9999 -9999 -9999 -9999 -9999 -9999 -9999 -9999 -9999 -9999 -9999 -9999 -9999 -9999 2.630247 15.89303 25.87982 27.78986 27.46909 23.94414 22.13022 6.710652 13.35524 13.33815 9.567796 10.53747 16.05772 17.45884 17.00763 13.03947 11.18938 10.2187 7.916577 2.789625 -9999 -9999 -9999 -9999 -9999 -9999 -9999 -9999 -9999 -9999 -9999 -9999 -9999 -9999 -9999 -9999 -9999 -9999 -9999 -9999 -9999 -9999 -9999 -9999 -9999 -9999
-9999 -9999 -9999 -9999 -9999 -9999 -9999 -9999 -9999 -9999 -9999 -9999 -9999 -9999 -9999 -9999 -9999 -9999 -9999 -9999 -9999 -9999 -9999 1.767481 4.252637 12.21831 23.0952 28.7134 28.95695 26.854 21.54601 8.123355 7.424961 12.20672 14.87322 18.0534 19.70147 19.34765 17.8804 16.4932 14.33879 13.95969 12.24824 6.865278 3.826838 3.10107 3.269249 2.425503 -9999 -9999 -9999 -9999 -9999 -9999 -9999 -9999 -9999 -9999 -9999 -9999 -9999 -9999 -9999 -9999 -9999 -9999 -9999 -9999 -9999 -9999
-9999 -9999 -9999 -9999 -9999 -9999 -9999 -9999 -9999 -9999 -9999 -9999 -9999 -9999 -9999 -9999 -9999 -9999 -9999 -9999 -9999 -9999 0.8513825 2.346138 4.375588 12.59734 25.31657 31.28381 30.33152 29.5956 19.83422 3.10757 4.490696 1.820852 7.299694 19.33344 25.01611 22.3176 17.13746 14.78815 14.53188 14.9682 14.12585 11.3726 8.310905 6.562913 4.805857 2.454945 1.611073 1.054867 -9999 -9999 -9999 -9999 -9999 -9999 -9999 -9999 -9999 -9999 -9999 -9999 -9999 -9999 -9999 -9999 -9999 -9999 -9999 -9999
-9999 -9999 -9999 -9999 -9999 -9999 -9999 -9999 -9999 -9999 -9999 -9999 -9999 -9999 -9999 -9999 -9999 -9999 -9999 -9999 -9999 -9999 0.5762548 1.553127 5.06953 16.19076 29.50963 33.70843 30.93768 29.05609 16.01325 3.491676 9.902891 11.56813 9.299184 8.456902 25.14723 27.90552 18.99321 13.79169 14.1202 15.78856 15.55075 13.90735 12.12243 10.44639 7.368938 4.385997 3.164922 2.248645 1.300372 -9999 -9999 -9999 -9999 -9999 -9999 -9999 -9999 -9999 -9999 -9999 -9999 -9999 -9999 -9999 -9999 -9999 -9999 -9999
-9999 -9999 -9999 -9999 -9999 -9999 -9999 -9999 -9999 -9999 -9999 -9999 -9999 -9999 -9999 -9999 -9999 -9999 -9999 -9999 0.2976137 0.2874591 0.5317084 2.744169 9.675294 22.78462 33.24733 34.54959 31.27343 25.3896 9.770029 8.233193 13.1923 11.5842 15.39219 10.38638 13.36164 29.44177 22.87744 14.76928 14.80159 16.91595 17.41569 16.64556 16.17413 15.1562 11.56695 7.432507 4.879811 2.968335 1.947092 1.485347 -9999 -9999 -9999 -9999 -9999 -9999 -9999 -9999 -9999 -9999 -9999 -9999 -9999 -9999 -9999 -9999 -9999 -9999
-9999 -9999 -9999 -9999 -9999 -9999 -9999 -9999 -9999 -9999 -9999 -9999 -9999 -9999 -9999 -9999 -9999 -9999 0.3086088 0.4114273 0.8083822 1.346849 1.904977 4.986415 14.30142 26.41982 32.4954 31.66788 29.78496 20.12081 3.003845 10.27496 14.69347 13.32225 12.86682 18.79699 1.890281 23.75616 23.51751 15.81191 15.82059 18.69583 21.02669 21.36962 21.03764 20.82068 18.62504 13.97488 9.42712 5.773283 3.719014 2.880499 2.096046 0.6262115 -9999 -9999 -9999 -9999 -9999 -9999 -9999 -9999 -9999 -9999 -9999 -9999 -9999 -9999 -9999 -9999
-9999 -9999 -9999 -9999 -9999 -9999 -9999 -9999 -9999 -9999 -9999 -9999 -9999 -9999 -9999 -9999 -9999 -9999 0.4670703 1.298974 2.339736 3.494881 4.288873 7.298784 16.52008 25.746 28.87752 28.17275 27.72003 17.96829 2.028935 9.795876 15.93868 14.66681 0.9752961 18.39324 9.035933 16.61222 19.88835 15.69524 16.96523 20.58723 24.1564 25.15216 24.47957 24.51021 24.45527 21.68742 16.75681 10.87372 6.293825 4.405623 2.845526 1.280904 0.3707843 -9999 -9999 -9999 -9999 -9999 -9999 -9999 -9999 -9999 -9999 -9999 -9999 -9999 -9999 -9999
-9999 -9999 -9999 -9999 -9999 -9999 -9999 -9999 -9999 -9999 -9999 -9999 -9999 -9999 -9999 -9999 -9999 -9999 0.6040138 1.994567 3.400583 4.679126 7.43794 11.43783 17.44828 22.85934 24.15369 25.12585 26.11968 21.00759 9.67943 5.106402 15.50738 16.04736 8.879251 16.23904 9.266152 10.52633 15.22285 14.46461 17.11394 19.82994 22.20758 24.00243 24.42282 25.6693 27.43821 26.65856 23.24204 17.43647 10.62193 6.229588 3.915076 2.046315 0.7294037 -9999 -9999 -9999 -9999 -9999 -9999 -9999 -9999 -9999 -9999 -9999 -9999 -9999 -9999 -9999
-9999 -9999 -9999 -9999 -9999 -9999 -9999 -9999 -9999 -9999 -9999 -9999 -9999 -9999 -9999 -9999 -9999 -9999 0.8883612 2.558076 4.424692 5.75988 8.970583 13.51438 18.15973 21.90722 20.25708 18.75092 20.54457 19.5729 15.21813 7.848743 9.477436 12.39131 4.549142 9.648639 8.086175 3.37533 10.10801 10.74037 9.985381 10.21001 13.16124 17.63528 19.98117 22.97658 27.25148 29.12391 27.33249 22.68253 15.46535 8.911668 5.113013 2.6769 0.8592885 0.4374123 -9999 -9999 -9999 -9999 -9999 -9999 -9999 -9999 -9999 -9999 -9999 -9999 -9999 -9999
-9999 -9999 -9999 -9999 -9999 -9999 -9999 -9999 -9999 -9999 -9999 -9999 -9999 -9999 -9999 -9999 -9999 0.4049312 1.150743 2.770576 4.531366 5.798903 8.765965 12.16717 17.28054 23.44566 21.48157 16.57795 14.91232 12.82882 10.59852 7.503889 4.432987 10.95195 7.746535 10.71619 14.04889 9.909196 2.708019 3.455308 2.785051 1.340923 3.798638 9.769157 12.10017 14.38014 20.42196 27.57138 28.80781 24.9099 18.73775 11.57761 6.501306 3.317708 0.692654 0.3442922 -9999 -9999 -9999 -9999 -9999 -9999 -9999 -9999 -9999 -9999 -9999 -9999 -9999 -9999
-9999 -9999 -9999 -9999 -9999 -9999 -9999 -9999 -9999 -9999 -9999 -9999 -9999 -9999 -9999 -9999 -9999 0.3360239 1.035576 2.535944 4.178103 5.256924 8.295929 14.95334 23.34102 27.71328 21.07851 15.42982 15.03809 11.41502 6.324584 3.119333 7.222268 16.99987 18.31707 19.02803 23.28635 24.17509 21.91752 17.59158 13.13929 9.549099 3.630628 3.930132 6.956069 8.173114 13.33795 23.95302 28.98269 25.38409 19.50209 13.05923 8.051264 4.347212 0.9876738 0.3061068 -9999 -9999 -9999 -9999 -9999 -9999 -9999 -9999 -9999 -9999 -9999 -9999 -9999 -9999
-9999 -9999 -9999 -9999 -9999 -9999 -9999 -9999 -9999 -9999 -9999 -9999 -9999 -9999 -9999 -9999 -9999 0.5348649 0.9212576 1.923444 3.108245 3.804729 5.19083 12.73619 26.47408 31.79741 24.85033 15.78082 10.43678 3.763917 2.982864 9.777744 18.85119 25.38308 25.27147 24.49334 28.45401 31.22205 31.31194 27.53411 21.58601 17.97051 12.30571 4.996068 1.686963 6.171108 11.84027 22.07457 28.96391 26.32148 19.43012 14.22344 10.21045 5.563945 1.46531 0.1390077 -9999 -9999 -9999 -9999 -9999 -9999 -9999 -9999 -9999 -9999 -9999 -9999 -9999 -9999
-9999 -9999 -9999 -9999 -9999 -9999 -9999 -9999 -9999 -9999 -9999 -9999 -9999 -9999 -9999 0.527404 0.9652849 1.471548 2.285906 2.750679 2.20413 1.773396 3.609597 12.75563 25.66272 30.9074 28.09758 19.15979 4.562028 6.809246 10.87952 15.90994 22.6976 25.52673 24.53749 23.90444 26.71246 28.76969 26.61474 22.3237 19.75353 19.42871 16.39682 12.77851 7.832858 3.364229 11.08696 20.18358 26.97204 27.39105 22.29689 18.77988 15.19683 8.881987 3.487337 0.6262449 0.4687625 -9999 -9999 -9999 -9999 -9999 -9999 -9999 -9999 -9999 -9999 -9999 -9999 -9999
-9999 -9999 -9999 -9999 -9999 -9999 -9999 -9999 -9999 -9999 -9999 -9999 -9999 1.04567 1.79226 2.716222 3.61667 4.315886 5.505269 6.369948 6.654347 6.895455 8.632536 14.92016 22.92929 27.41999 28.38781 21.09897 3.28466 9.924311 8.606981 12.15298 19.59617 21.3444 19.55769 17.33909 13.90835 15.91587 17.56151 14.82774 14.39118 14.69615 12.86456 11.60237 10.72194 5.389727 7.147027 16.92753 23.75368 27.21715 26.20466 25.14752 22.21976 14.54697 6.801861 1.708474 0.2120447 -9999 -9999 -9999 -9999 -9999 -9999 -9999 -9999 -9999 -9999 -9999 -9999 -9999
-9999 -9999 -9999 -9999 -9999 -9999 -9999 0.5629548 0.6404591 0.8098808 0.3465656 1.733682 3.520262 4.974469 6.982108 8.104034 8.572866 9.123605 10.56769 11.78726 12.94086 14.61019 16.86077 19.76725 21.00036 20.74 24.67756 22.87078 4.823241 10.95443 8.774446 10.95046 18.8136 21.3161 16.43779 10.58317 2.179812 8.374767 13.18933 12.92607 12.83481 11.37708 9.693914 8.416383 8.04576 7.079207 1.618555 11.13086 19.34442 24.65527 26.04855 26.77557 25.57552 19.07423 10.88885 3.971419 1.242247 0.7226026 0.2735591 -9999 -9999 -9999 -9999 -9999 -9999 -9999 -9999 -9999 -9999 -9999
-9999 -9999 0.2575408 0.2520232 0.6410342 1.075551 0.8409088 0.2291244 0.2434423 0.3347494 2.399774 6.343599 10.4234 12.96696 14.28145 14.92139 15.09431 15.49826 16.38243 16.81065 17.73433 19.96745 22.43026 24.50619 23.95034 20.16175 20.06314 19.65041 4.422878 11.67918 12.34332 11.89872 16.05016 20.01125 16.09493 7.817328 1.697904 8.733891 13.02594 13.00398 11.17358 9.735247 8.869053 7.574189 6.324233 6.781818 4.931492 2.567948 11.61827 20.29214 25.65099 28.79471 27.72194 22.67837 16.86443 8.962596 3.848438 1.379083 0.05563163 0.9215341 1.523266 -9999 -9999 -9999 -9999 -9999 -9999 -9999 -9999 -9999
-9999 -9999 0.5709708 0.5005896 1.484072 2.354068 2.989816 3.520782 4.307202 5.855757 9.450527 14.2697 18.1767 20.30715 21.13914 21.16843 21.37037 22.04834 22.07269 21.55847 22.38226 24.51593 26.66929 27.87664 25.52012 22.84167 20.95853 14.10025 1.573128 12.72429 16.39303 13.87502 13.99339 16.08718 15.21706 7.671153 1.479509 8.034971 12.12791 12.57726 10.8284 9.988167 9.795729 8.021699 6.111498 6.380793 6.796842 4.635965 0.8852599 9.945693 21.17887 30.45146 32.16221 29.33108 25.26414 17.48501 9.999578 5.140197 2.037654 1.385859 1.690028 1.517353 1.143711 -9999 -9999 -9999 -9999 -9999 -9999 -9999
-9999 -9999 0.9148752 1.285869 2.870988 5.02776 7.069536 8.954019 10.59919 13.17954 17.35164 20.78432 22.16529 21.83134 21.19875 21.78151 23.68097 26.05162 26.59853 25.52994 24.85267 24.99051 23.96206 19.89763 11.8103 6.404066 6.944893 5.350569 4.203033 12.40362 19.19551 14.9297 12.86563 13.23675 12.96273 8.508368 3.771155 8.904256 13.22325 14.34281 12.86652 11.94689 12.5891 11.16749 8.862186 7.902816 7.668574 7.186792 5.704654 2.016941 9.938942 23.09944 32.46134 35.08239 32.45068 25.69273 18.47922 12.74774 8.200618 5.48568 4.436098 3.627608 2.384227 0.7016612 -9999 -9999 -9999 -9999 -9999 -9999
-9999 -9999 1.141587 2.293296 4.943871 8.39465 11.03972 13.52248 16.54283 19.46361 21.35394 21.98117 20.90588 18.24859 15.75795 15.38652 15.92808 15.41037 16.14423 18.19232 17.94348 14.59808 7.110579 2.484138 9.500882 12.30958 14.7683 13.66668 9.787818 8.859578 20.86699 16.50856 12.95364 12.09378 11.39142 9.154715 5.43196 7.698429 12.47314 14.99221 14.96313 14.25404 14.45656 13.32501 11.1521 9.522469 8.77353 8.175691 7.290632 5.433986 1.745529 7.789429 19.60748 31.07649 34.88997 30.44131 24.73342 19.80001 16.44301 13.88575 11.26848 8.502744 5.463053 2.570999 1.260064 -9999 -9999 -9999 -9999 -9999
-9999 -9999 0.9567664 2.968503 6.486868 9.986801 11.26424 11.65596 13.50752 15.33599 14.86988 13.52831 10.60206 7.014925 4.905864 4.37365 5.380496 7.236071 9.538628 7.490976 3.929708 2.212265 11.49385 16.41842 14.91136 11.50777 11.23616 12.06936 13.75336 6.679876 20.25839 18.25729 14.49535 12.34468 10.30936 8.368574 5.107648 5.07914 9.841511 13.43407 14.78683 14.57002 14.10397 13.02627 11.57225 10.29978 9.645099 9.226103 8.616104 7.419713 5.913688 3.385823 3.517859 17.64605 29.13898 30.52384 28.38452 25.29688 23.28267 21.18205 18.06993 14.87719 11.59431 7.696826 4.071824 3.066139 1.126395 -9999 -9999 -9999
-9999 -9999 1.556957 3.248248 6.928207 11.14778 12.90257 12.88103 11.63501 9.171446 8.061521 9.413289 11.71459 14.70431 16.06556 15.9862 13.9422 15.72725 13.70795 2.345907 8.556282 12.3556 15.40675 13.17767 10.08883 9.744107 9.658099 9.626721 13.41466 6.389457 18.20356 18.64748 15.51328 12.10922 9.300393 7.864275 5.626154 4.631297 7.361775 9.626141 11.67445 12.98078 12.65976 11.73181 10.95457 10.31618 9.767888 9.443942 8.882297 7.84064 7.072554 6.387177 4.668121 5.198764 17.46334 24.35954 27.22898 27.13739 25.60979 23.81782 21.57788 19.47759 17.57726 14.10395 9.440995 5.365775 1.774709 0.6523552 -9999 -9999
-9999 -9999 1.294451 2.281176 5.941252 10.71607 13.34801 14.66533 15.55448 13.96899 9.963851 8.61368 10.96732 12.38807 11.88983 9.759732 9.805121 19.15384 12.97712 9.134878 13.13241 13.45142 12.68072 10.19684 8.741514 10.52388 11.01815 10.69665 12.92094 4.029252 15.39608 18.9376 16.9629 12.59219 9.540805 8.590775 6.519433 3.726095 5.70553 6.510578 8.48419 10.80022 10.55896 9.384851 8.815653 9.155994 9.312565 9.203835 8.586232 6.879617 5.855274 5.814289 5.876567 1.873215 7.850007 12.85022 15.95132 19.66371 20.84121 20.93055 20.70566 20.32202 20.47067 19.27108 15.75305 9.19566 2.786935 1.408122 1.638536 0.4623063
-9999 -9999 -9999 0.7750967 2.581478 7.493814 10.23943 9.506023 10.844 13.92497 11.53796 7.244558 4.862101 4.021675 8.472661 10.92985 14.79718 16.73396 6.701412 8.942161 12.63725 12.24788 13.07204 12.59868 11.27129 11.76797 13.18219 15.17476 16.54286 9.251277 11.95244 19.84858 19.72374 14.3208 10.542 7.979099 4.530051 1.254793 5.798407 6.348614 7.428659 9.755035 9.471444 6.822369 5.194457 6.463743 8.230681 8.891728 8.227932 6.286408 4.158731 3.176351 4.449545 2.344568 9.88971 14.1435 10.63958 6.388044 6.14733 8.761084 11.93319 15.07545 18.9851 21.62155 21.30859 15.19085 7.128949 3.452158 2.030191 1.125982
-9999 -9999 -9999 2.60624 4.306765 9.162098 13.63638 12.96429 14.14167 17.79283 14.59608 10.40972 12.85527 14.53483 15.94728 13.92108 10.75326 8.447449 5.909696 8.254242 12.26933 11.89535 12.11646 12.59874 12.28721 12.93274 14.85527 17.85928 20.12948 17.04704 8.912756 19.20889 22.30072 15.54557 9.067652 4.646732 1.106005 3.157226 6.784275 7.619256 8.206286 10.33799 10.20663 6.689456 3.005883 2.380729 6.262083 8.715264 9.054527 9.203812 7.516626 5.642243 4.344793 3.935832 18.60865 22.37881 21.74525 22.29155 19.61002 15.24604 10.37667 6.132333 9.567739 17.15256 21.61066 19.31803 11.97365 5.270836 2.323156 1.630097
