data/slope_demo.txt
ncols         107
nrows         127
xllcorner     312847.69
yllcorner     8621436.99
cellsize      10
NODATA_value  -9999
[rows 31 to 61 of 127, columns 0 to 69 of 107]
-9999 -9999 -9999 2.904819 7.36328 12.17926 14.51478 12.49697 12.51884 14.72817 9.761257 2.538272 3.612281 4.419772 3.584121 11.41366 17.91922 21.32602 19.55659 11.01726 8.939629 13.74609 12.20541 11.80736 12.64928 13.32403 14.75602 17.21999 18.30346 17.62415 7.831936 16.71386 22.92601 16.30844 7.420844 1.821452 1.058265 3.988551 7.218278 8.381802 9.215124 10.94081 10.47144 7.936383 7.930933 10.42803 12.84841 13.95903 13.58297 10.64375 4.397968 0.645912 3.50226 14.36171 24.30702 22.31894 19.85893 24.36965 27.81897 27.02296 24.13788 19.97999 12.90947 8.335643 15.2745 19.56153 16.14893 7.717299 3.38539 2.374119
-9999 -9999 -9999 -9999 4.48431 7.772017 10.21611 9.610372 10.72853 12.20026 8.029855 14.4072 18.47026 21.86921 27.59113 31.56915 32.94396 32.33823 29.57289 22.62768 7.056038 12.86664 16.53765 13.89973 12.97839 12.83719 14.37507 16.57501 17.62066 18.97258 10.59269 12.99103 20.9674 16.64861 7.609598 1.55617 1.850262 4.965665 8.105283 9.341559 10.0382 10.37588 8.853538 5.919281 3.771859 3.9857 6.6147 9.904677 10.43996 3.733839 3.68129 7.11977 11.89592 20.20585 23.58423 21.37586 19.87466 21.46186 24.02848 25.83221 26.85424 27.39347 24.19156 14.84037 9.294829 17.76396 18.61758 10.42688 4.063613 2.709048
-9999 -9999 -9999 -9999 1.845921 4.72402 9.66522 10.58042 10.57589 8.1696 13.62941 22.19961 27.95452 31.57417 32.22908 31.43315 30.81513 30.367 30.82405 30.35558 20.0216 4.906445 17.81391 20.21462 16.11495 10.99317 12.58735 15.97091 18.99675 21.3352 17.13669 8.38953 16.54359 16.92442 9.464423 2.819517 2.08534 5.779127 8.865444 10.34445 10.23634 8.252832 5.836162 6.33241 8.535478 11.47907 14.12775 15.94525 13.5487 3.105849 6.491973 6.783245 11.82944 17.62697 19.94986 19.54956 18.84464 17.85452 15.18162 16.68069 18.55733 20.44094 22.9003 20.21307 12.37385 13.34066 18.13148 12.65673 4.862051 2.372455
-9999 -9999 -9999 -9999 1.878516 3.817128 10.32894 11.99193 8.994616 4.329488 17.36006 20.8828 23.6683 27.96823 29.19933 29.15435 29.06789 29.14722 31.72654 34.35726 31.04229 15.87881 10.81347 23.73082 22.2286 10.25796 7.877654 12.86496 17.15989 18.5662 17.77057 8.952316 10.19337 16.3143 11.56141 4.791664 1.380644 6.421588 9.905941 10.71359 9.092891 5.552059 5.071172 6.182576 4.905069 3.179153 8.085784 14.65646 13.72192 3.60303 6.315704 6.984026 10.06436 15.37027 18.06155 18.24893 17.74775 15.80007 8.562963 5.889905 6.96344 8.045386 14.0269 18.32006 17.11894 11.88044 14.66829 13.77119 5.678207 2.513967
-9999 -9999 -9999 -9999 -9999 3.403218 10.30633 13.19137 11.81389 8.230013 17.68732 20.78248 21.80024 24.55372 27.01692 27.659 27.56417 28.63145 32.65818 35.8781 35.38267 26.57967 8.504801 23.22057 24.17439 11.72937 3.336424 8.282884 12.945 14.61499 14.84749 9.564652 5.668839 13.41862 12.32148 7.051293 0.4642541 7.202264 10.61961 9.303013 8.016598 6.940442 4.469011 3.318028 3.627548 4.411903 10.27717 13.51586 10.43334 4.861402 6.063138 8.655455 9.645579 14.35921 17.41237 18.1673 17.19558 14.8648 9.759257 4.686558 1.918698 1.75863 6.202885 11.62855 15.02532 13.40608 10.8201 12.86507 6.247922 2.372057
-9999 -9999 -9999 -9999 -9999 6.966136 13.37749 18.05101 17.36987 10.29183 18.97019 24.86835 24.07344 22.95607 24.25174 24.31375 23.64246 24.46903 28.89312 33.00806 34.81244 31.43804 11.31632 18.42345 23.8954 14.0101 2.473778 6.725527 11.03883 15.10982 14.81163 7.66603 7.672328 9.974911 11.23013 8.900513 0.8094091 7.988513 9.134805 7.651608 7.865927 7.32187 6.127639 5.069153 5.219622 7.239998 11.0757 10.77404 6.210856 4.164955 6.593783 8.673436 9.034101 13.05311 17.01796 17.65781 15.7556 12.61301 9.717796 7.59105 4.790536 2.011096 1.240865 4.41776 8.539678 11.93147 10.73146 10.61863 6.482461 3.61644
-9999 -9999 -9999 -9999 -9999 6.280946 9.542575 13.48273 16.79065 11.63315 21.34167 27.04395 25.56243 22.58677 22.05059 20.68184 19.08706 20.1647 25.57534 30.89083 34.17434 33.93044 19.39767 10.25535 24.05284 17.41419 3.789454 6.889492 11.2964 15.8271 13.77365 10.26186 15.01391 14.52074 13.12991 9.959064 3.817546 8.244228 7.764097 7.5104 7.899048 7.299524 7.771469 7.206394 6.647695 9.192147 11.64383 8.633986 2.289507 2.581267 4.390701 6.439862 8.450195 13.0733 17.16792 16.57283 14.03869 10.41658 8.145933 7.686799 6.003397 3.971276 2.918021 2.528455 3.375538 5.984735 7.663959 7.860196 6.162451 4.444711
-9999 -9999 -9999 -9999 -9999 3.15058 4.347092 8.634336 13.23879 12.01625 20.15888 25.95215 23.98863 19.84503 18.37681 13.08702 9.719495 14.12761 21.92306 28.15634 30.82214 32.4946 24.879 5.354171 20.73598 20.11875 7.339119 5.07387 12.25773 15.31213 11.56378 14.85168 19.75802 19.181 15.77173 9.335906 6.104189 8.170581 7.550344 6.514758 8.362487 8.544241 8.09479 6.885603 7.14501 11.68555 12.21441 5.361739 1.252335 3.348209 3.898479 5.440385 8.187541 13.83631 16.98583 14.94415 12.40651 9.504183 7.758324 7.866031 7.051951 5.421981 4.545209 4.788845 4.633151 2.505206 3.685647 5.307456 4.791917 3.03152
-9999 -9999 -9999 -9999 -9999 -9999 1.809834 5.141006 8.600568 9.028379 15.0702 20.08796 19.62872 12.44379 12.60991 7.582738 3.304706 10.34599 18.46097 24.94283 27.01362 28.83065 23.54942 5.782177 14.52206 19.4425 13.16293 4.513476 13.69173 15.45681 12.12938 16.91499 17.25728 13.53945 10.42817 6.850456 6.046558 6.950076 7.718647 8.094528 9.830313 9.60745 6.552576 4.151033 7.427267 16.58871 12.8729 1.657391 2.46806 3.182027 3.268012 4.749806 7.066222 13.43367 16.16958 13.37638 11.16855 9.87307 9.092659 9.445952 9.536572 8.313905 7.099759 7.175035 6.897211 5.228546 3.739637 3.41114 2.971026 1.640352
-9999 -9999 -9999 -9999 -9999 -9999 0.7458974 1.503152 2.769074 2.570574 7.96143 9.886762 -9999 -9999 -9999 -9999 -9999 13.16946 19.44476 24.72508 27.82034 27.77603 16.69105 8.178239 12.12911 18.1217 18.29403 8.948943 14.48102 17.46322 16.63261 15.86379 10.68741 5.854106 6.212433 6.641398 6.578062 7.641452 9.039852 9.76217 10.95834 10.29647 6.662254 4.735389 10.69005 19.48103 9.693353 1.183213 1.263729 2.693064 3.833114 4.233146 6.105847 12.78247 15.47636 12.32212 10.24308 9.77516 9.661121 10.18777 10.97973 10.39302 9.189981 9.22277 9.229629 8.23466 6.601562 4.678443 3.269646 1.666129
-9999 -9999 -9999 -9999 -9999 -9999 -9999 -9999 -9999 -9999 -9999 -9999 -9999 -9999 -9999 -9999 -9999 12.35789 20.49976 27.6566 29.04787 20.11943 9.054377 17.95956 17.83132 19.1374 20.3207 10.56649 12.72934 16.22832 14.40921 8.622337 2.545688 2.113908 5.353188 9.575486 12.07473 12.47086 10.44025 8.231441 10.51209 11.2621 8.066386 9.004848 15.60317 16.89678 3.978967 1.394922 0.3888088 2.074332 3.257444 3.954418 6.28336 12.24801 15.00303 12.47298 10.39228 9.544237 9.175213 9.145926 9.78196 10.03076 9.448908 9.529802 9.96781 9.888451 8.708262 6.397432 4.633631 2.829202
-9999 -9999 -9999 -9999 -9999 -9999 -9999 -9999 -9999 -9999 -9999 -9999 -9999 -9999 -9999 -9999 -9999 7.720083 16.22339 23.3996 21.55493 9.467295 18.32705 22.1169 21.35773 20.43466 18.9579 9.905869 8.497386 9.013635 6.57902 6.244056 7.328977 7.330427 6.196101 11.40297 15.75119 14.61673 12.33113 9.252569 8.466485 11.82035 9.816925 8.699061 13.62654 8.8008 3.07204 3.387316 2.125926 1.180817 2.400897 2.93494 5.548505 10.88401 13.48143 12.16123 10.6151 9.467661 8.685931 8.298841 8.597749 9.130345 9.373382 9.696567 10.31546 10.98412 10.44939 7.870371 5.628953 4.190367
-9999 -9999 -9999 -9999 -9999 -9999 -9999 -9999 -9999 -9999 -9999 -9999 -9999 -9999 -9999 -9999 -9999 -9999 5.462862 16.94259 23.36924 15.80148 18.45629 16.02221 16.0366 16.16571 12.08375 2.933516 5.656911 9.822564 11.59232 12.88119 13.12489 11.65359 8.617604 9.839731 16.76481 15.22176 10.324 10.95635 9.856762 11.0804 12.66048 11.37765 10.42167 1.703979 8.944868 7.274472 5.829926 2.568636 1.863541 1.67444 3.07279 8.711837 11.85689 11.18804 10.11203 9.259824 8.812986 8.557638 8.671118 9.174798 9.783444 10.44117 11.41096 12.73917 12.84736 9.78112 6.416458 5.174806
-9999 -9999 -9999 -9999 -9999 -9999 -9999 -9999 -9999 -9999 -9999 -9999 -9999 -9999 -9999 -9999 -9999 -9999 4.142658 10.91621 19.54583 13.94558 14.16061 10.29246 8.11144 5.689132 0.4222734 7.732266 13.02005 15.02541 15.05319 15.41906 14.81358 11.88148 10.77066 7.51448 15.02364 15.97323 11.49828 8.109707 12.14534 15.64342 15.72133 10.90111 4.461158 7.807565 10.11981 8.412 9.230263 8.090472 6.508855 4.852417 2.40704 4.899006 9.667027 10.08356 9.382953 8.953398 9.13741 9.278284 9.34618 9.970652 10.82427 11.67169 13.16171 15.46596 16.69643 14.05023 9.467557 6.810292
-9999 -9999 -9999 -9999 -9999 -9999 -9999 -9999 -9999 -9999 -9999 -9999 -9999 -9999 -9999 -9999 -9999 -9999 -9999 7.432715 14.38711 13.81157 10.92666 5.373322 0.7645903 5.020817 9.428525 12.63655 14.799 15.46332 15.38041 15.58623 13.89232 9.843865 11.03478 6.535548 12.32307 14.4887 13.33575 11.50153 12.00737 12.17448 6.368675 3.911586 5.193061 11.4411 9.858547 7.491177 9.732521 10.14605 8.605 6.714056 5.530936 3.603197 5.93284 7.375616 7.824546 8.383624 8.999263 9.29024 9.246241 10.03175 11.22834 12.38081 14.2005 17.27636 19.98605 19.13741 15.07874 10.21152
-9999 -9999 -9999 -9999 -9999 -9999 -9999 -9999 -9999 -9999 -9999 -9999 -9999 -9999 -9999 -9999 -9999 -9999 -9999 3.351292 7.077421 7.514421 3.169301 5.763389 9.970688 12.74406 13.45352 13.03628 13.78885 14.91351 14.9345 14.67778 12.67893 9.348876 11.82913 7.626404 11.25397 14.15842 14.79976 15.40479 9.507357 2.968282 8.544072 8.471181 7.330185 12.12107 9.867599 7.220931 8.759644 9.506534 8.901605 7.775205 6.803238 5.133763 3.352011 3.763669 5.515159 7.233105 8.410518 8.39544 7.151767 7.125835 8.216449 9.61468 11.50214 14.97765 19.58855 21.7702 20.36996 16.236
-9999 -9999 -9999 -9999 -9999 -9999 -9999 -9999 -9999 -9999 -9999 -9999 -9999 -9999 -9999 -9999 -9999 -9999 -9999 -9999 3.359596 8.6129 11.53927 12.63213 14.20717 14.95573 14.79347 14.61971 15.7339 16.70156 15.58345 14.16116 11.88095 9.076488 11.79238 8.468304 13.60429 17.93711 18.69548 14.07864 1.211535 14.02795 11.97843 9.352257 7.726894 13.15468 10.74524 8.636857 9.018148 9.488121 9.56116 8.843592 7.337008 5.542053 3.332199 0.3058719 2.657414 4.375303 6.40827 7.373542 5.206336 3.617248 4.198578 5.422703 6.852856 9.772264 15.59326 20.79568 22.24046 20.42917
-9999 -9999 -9999 -9999 -9999 -9999 -9999 -9999 -9999 -9999 -9999 -9999 -9999 -9999 -9999 -9999 -9999 -9999 -9999 -9999 3.848482 9.506668 12.92364 10.64771 10.87136 12.74431 13.94873 14.91546 15.58357 14.99927 12.98849 10.31471 8.328006 7.164913 11.92821 10.85311 17.34082 19.53137 12.53803 3.048212 16.26393 18.46692 13.04787 12.52485 8.441225 12.9018 10.09859 8.647299 8.874549 9.360159 10.08629 10.47612 9.246294 6.758144 5.03258 2.705064 0.8203068 1.940262 3.69172 6.13407 5.377026 3.609629 3.13278 3.297246 3.856178 5.638709 10.66772 17.10449 20.32903 20.37499
-9999 -9999 -9999 -9999 -9999 -9999 -9999 -9999 -9999 -9999 -9999 -9999 -9999 -9999 -9999 -9999 -9999 -9999 -9999 -9999 2.657222 7.622435 12.59226 12.93948 10.32833 7.621487 5.399899 6.296969 8.679435 9.688613 8.312548 5.927269 6.134602 2.554492 8.872983 13.52164 16.18975 9.323103 7.550032 19.63549 23.42801 15.73094 13.13481 14.22531 6.800383 10.79513 8.635134 6.541576 7.947318 9.323284 10.61087 12.11882 11.98476 9.0263 6.86004 3.71982 2.591844 3.915044 2.391301 3.546658 5.046301 4.407094 3.472523 3.25796 3.316578 3.178064 5.273729 11.08216 16.72074 20.00526
-9999 -9999 -9999 -9999 -9999 -9999 -9999 -9999 -9999 -9999 -9999 -9999 -9999 -9999 -9999 -9999 -9999 -9999 -9999 -9999 -9999 6.047456 11.2432 12.6698 9.091198 9.485248 13.77738 15.9482 16.12719 14.23563 10.21761 8.666852 9.222625 8.868093 4.934546 6.190068 5.723316 7.608788 18.50846 20.04002 16.79532 10.27943 12.13753 14.70064 12.19006 6.427255 9.326767 6.097413 6.03225 8.977401 11.0918 13.14207 14.99449 14.29073 11.00011 4.220252 4.340226 3.641946 1.67707 1.008538 2.983079 3.056234 2.096302 2.219621 3.247029 2.542626 2.271775 6.768827 13.84041 20.09354
-9999 -9999 -9999 -9999 -9999 -9999 -9999 -9999 -9999 -9999 -9999 -9999 -9999 -9999 -9999 -9999 -9999 -9999 -9999 -9999 -9999 3.818859 7.554372 9.300502 11.79561 14.61472 13.12299 12.18715 14.47203 11.97752 10.15228 9.805475 9.717735 10.00116 8.024036 7.556243 6.381766 14.99434 17.67615 13.90707 11.27504 9.036702 12.40765 15.35715 18.21912 12.64824 6.732988 9.828843 8.425698 9.676555 12.00759 14.37638 17.88108 20.59661 17.8675 7.256312 4.521358 3.223046 2.694098 3.866833 6.401587 7.623493 5.868987 2.793615 1.846134 3.748165 2.927701 4.560728 11.38439 20.22042
-9999 -9999 -9999 -9999 -9999 -9999 -9999 -9999 -9999 -9999 -9999 -9999 -9999 -9999 -9999 -9999 -9999 -9999 -9999 -9999 -9999 1.220479 2.835348 4.840154 7.759768 7.034778 7.474084 13.87951 12.17245 9.200598 11.08878 11.89862 11.67922 7.435709 9.107915 11.93216 5.403599 17.27093 15.80017 11.7257 10.35847 8.896535 12.20714 14.37669 16.65175 17.41936 9.315072 14.1414 13.47526 12.29814 13.38407 15.37559 18.86213 23.85909 24.21981 13.98123 6.5778 5.533008 7.021334 12.37947 17.81269 18.43333 14.80236 9.778538 3.448216 5.64806 3.099785 2.045238 7.664932 19.86378
-9999 -9999 -9999 -9999 -9999 -9999 -9999 -9999 -9999 -9999 -9999 -9999 -9999 -9999 -9999 -9999 -9999 -9999 -9999 -9999 -9999 -9999 -9999 0.8011051 0.9615236 2.604797 8.831298 12.84894 11.43019 10.18672 10.89254 14.21846 10.1208 9.426732 12.58657 16.05691 5.432615 17.8665 14.55378 8.947787 8.850811 7.976991 9.495852 10.51887 12.23084 15.37585 10.17917 18.18646 16.60954 14.75499 14.96537 16.35429 19.49752 25.10566 27.10408 20.47848 11.09566 9.28878 14.57011 22.54887 25.27404 20.416 18.61154 14.7287 4.301604 6.177012 3.396103 2.471782 2.721134 17.3458
-9999 -9999 -9999 -9999 -9999 -9999 -9999 -9999 -9999 -9999 -9999 -9999 -9999 -9999 -9999 -9999 -9999 -9999 -9999 -9999 -9999 -9999 -9999 -9999 -9999 1.693926 6.612899 10.44626 10.23158 9.654844 13.83536 12.71039 9.244646 13.89564 10.99786 18.01025 7.118394 13.53936 15.0431 11.28538 8.886566 6.97632 6.794827 6.804838 11.73346 12.86073 12.53693 19.14491 15.94685 14.42123 13.91093 13.98565 17.03901 23.36499 25.52 22.03738 14.02581 15.25434 22.37516 24.62081 17.65269 12.49369 18.85589 16.2956 1.766368 5.209348 1.86479 3.075357 5.746994 18.20807
-9999 -9999 -9999 -9999 -9999 -9999 -9999 -9999 -9999 -9999 -9999 -9999 -9999 -9999 -9999 -9999 -9999 -9999 -9999 -9999 -9999 -9999 -9999 -9999 -9999 0.7269825 2.991423 6.079858 8.520618 11.83349 14.11329 13.18062 12.9597 8.016704 10.24561 15.63563 7.110898 7.967593 10.03392 14.03376 13.95104 9.334586 5.835908 5.601809 12.05621 11.42479 12.13638 15.42791 12.116 11.29129 9.819816 7.68437 11.81341 18.85277 21.27577 19.00644 14.5463 21.17456 22.60958 14.80368 3.5382 13.38953 19.35089 14.87508 1.140099 5.218793 2.029532 3.046706 7.641563 18.49286
-9999 -9999 -9999 -9999 -9999 -9999 -9999 -9999 -9999 -9999 -9999 -9999 -9999 -9999 -9999 -9999 -9999 -9999 -9999 -9999 -9999 -9999 -9999 -9999 -9999 -9999 0.8683808 3.535746 8.168467 12.57286 14.03568 12.66233 7.144387 7.176551 11.96488 9.13257 10.98466 14.45399 8.741685 10.57954 15.92583 12.46192 7.082004 6.085087 12.22356 12.95897 10.96693 14.62097 11.55054 10.22044 7.985515 5.684184 11.25734 17.84058 18.7168 14.29357 16.62096 20.98587 13.84221 2.835331 9.899947 18.6097 18.39055 8.060735 5.483124 5.336504 1.947519 3.679295 8.055757 16.06158
-9999 -9999 -9999 -9999 -9999 -9999 -9999 -9999 -9999 -9999 -9999 -9999 -9999 -9999 -9999 -9999 -9999 -9999 -9999 -9999 -9999 -9999 -9999 -9999 -9999 -9999 0.1244591 1.117303 4.542908 8.760711 8.793272 8.66583 9.47595 7.725281 9.213316 13.29498 19.56121 17.39316 12.967 8.669468 15.09203 12.959 10.00494 7.220303 11.37261 14.67129 13.05693 15.9018 12.98194 10.40217 7.298929 5.733535 11.82815 18.38677 16.97093 14.7836 16.23135 11.49621 4.030396 8.454392 15.80109 19.68451 10.83535 5.550128 10.20452 6.789983 2.969127 3.582338 6.993488 13.18093
-9999 -9999 -9999 -9999 -9999 -9999 -9999 -9999 -9999 -9999 -9999 -9999 -9999 -9999 -9999 -9999 -9999 -9999 -9999 -9999 -9999 -9999 -9999 -9999 -9999 -9999 -9999 1.942144 5.13658 7.754916 8.467812 8.141038 8.939898 16.38875 23.10596 25.16992 21.45166 14.70449 12.46885 9.458689 16.05732 13.579 12.96045 10.95277 11.82742 16.26561 15.91537 15.55322 12.1058 7.860951 3.638071 3.737079 8.946366 15.71934 16.41759 13.08219 7.468048 2.363191 9.359808 14.8716 18.79028 14.83659 2.414116 13.04895 9.450533 8.657439 5.217092 1.539401 5.202094 10.67994
-9999 -9999 -9999 -9999 -9999 -9999 -9999 -9999 -9999 -9999 -9999 -9999 -9999 -9999 -9999 -9999 -9999 -9999 -9999 -9999 -9999 -9999 -9999 -9999 -9999 -9999 -9999 -9999 4.480072 5.494003 5.135381 7.373354 14.62308 21.25126 23.68174 23.05436 17.44935 18.36368 11.58052 17.28536 21.28718 18.6618 17.66454 16.71075 15.67821 17.63819 17.10536 14.21761 8.7009 2.176852 4.910646 7.499413 6.570108 7.393102 9.248076 6.720443 6.865976 11.93449 16.62809 19.06978 16.77423 4.549794 11.77973 13.02042 7.458055 9.405231 7.922205 3.803484 2.015954 7.98056
-9999 -9999 -9999 -9999 -9999 -9999 -9999 -9999 -9999 -9999 -9999 -9999 -9999 -9999 -9999 -9999 -9999 -9999 -9999 -9999 -9999 -9999 -9999 -9999 -9999 -9999 -9999 -9999 -9999 1.238942 3.941819 7.952555 11.2301 12.17505 10.62766 10.60161 13.56352 19.99825 10.77304 22.78604 23.57805 21.89191 21.07516 19.27539 15.85181 14.75019 13.55729 10.21312 5.490505 6.901989 11.24267 13.06733 13.17336 12.90876 13.23968 13.34111 15.46241 19.0965 18.64239 12.97134 4.533262 9.544865 15.94548 10.18273 6.859187 9.018067 8.85396 6.319201 1.77363 4.832764
-9999 -9999 -9999 -9999 -9999 -9999 -9999 -9999 -9999 -9999 -9999 -9999 -9999 -9999 -9999 -9999 -9999 -9999 -9999 -9999 -9999 -9999 -9999 -9999 -9999 -9999 -9999 -9999 -9999 -9999 2.0021 3.946609 6.096062 6.837584 5.098942 1.382531 12.66594 17.11164 9.024912 22.00719 20.56072 19.05088 17.58463 14.69367 10.67056 9.145701 8.086469 6.547746 7.436338 10.82738 12.97736 12.03194 12.68691 16.25185 17.63936 17.78909 19.03421 17.50935 8.550518 4.946589 14.53333 18.07111 15.1708 7.951181 6.040028 8.148747 8.669217 5.233105 4.236766 5.224614
